month data array
#  1  2  3  4  5  6 

1  1  0  0  4  2  1
2  0  0  0  1  0  1  
3  1  0  0  1  1  1
4  2  1  0  1  1  1
5  1  0  0  2  0  0
6  1  0  1  3  0  0
7  0  0  0  4  0  1
8  0  1  0  3  1  0
9  1  0  0  3  0  1
10  0  1  0  3  1  1
11  0  0  0  1  1  0  
12  2  1  0  1  0  0
13  2  1  0  2  0  0
14  0  0  0  1  1  0
15  1  1  1  0  1  0
16  0  0  0  1  0  0
17  1  1  0  2  0  0
18  2  0  0  1  2  0
19  1  1  0  2  2  0
20  2  0  0  0  0  1
21  0  0  0  2  1  0
22  2  0  0  2  2  0
23  0  0  0  2  0  0
24  0  2  0  4  0  0
25  1  0  0  4  1  1
0  0  0  0  0  0  0  
27  1  0  0  2  0  0
28  2  0  0  2  1  0
29  1  1  0  0  1  0
30  0  1  0  4  0  0
31  0  0  0  3  0  0
32  1  0  0  2  1  0
33  1  0  0  1  0  0
34  0  1  0  2  2  0
35  1  0  0  1  2  0
36  1  1  0  0  0  2
37  1  0  0  3  1  0
38  0  1  0  3  0  0
39  1  1  0  2  2  0
40  0  0  0  2  0  1
41  0  1  1  2  0  0
42  2  2  0  4  2  0
43  2  1  1  0  0  0
44  0  0  0  1  1  0  
45  1  1  0  1  0  1
46  3  0  0  2  1  1
47  0  0  1  1  1  0
48  1  1  0  1  0  0
49  0  0  1  1  3  1
50  1  0  0  0  2  1

money array
price cost
0.00  0.00  
8.00  3.50
8.00  3.50
5.00  1.50
5.00  1.50
5.00  1.50
5.00  1.50
2.50  0.50
2.50  0.60
2.50  0.70
3.50  1.00
3.50  1.10
3.50  1.20
3.50  1.20
3.00  0.50
3.00  0.60
3.00  0.70
4.00  1.00
4.00  1.10
4.00  1.20
8.50  2.50
8.50  2.50
8.50  2.50
8.50  2.50
8.50  2.50
9.50  2.70
9.50  2.70
9.50  2.70
9.50  2.70
9.50  2.70
9.50  2.90
8.00  3.50
8.00  3.50
5.00  1.50
5.00  1.50
5.00  1.50
5.00  1.50
6.00  1.75
6.00  1.75
6.00  1.75
7.50  1.50
7.50  1.50
7.50  1.50
7.50  1.50
7.50  1.50
9.50  2.90
9.50  2.90
9.50  2.90
9.50  2.90
9.50  2.90
7.50  1.50

item_sum_list
0  0  
1  8
2  2
3  4
4  6
5  3
6  5
7  5
8  5
9  5
10  6
11  2
12  4
13  5
14  2
15  4
16  1  
17  4
18  5
19  6
20  3
21  3
22  6
23  2
24  6
25  7
26  0
27  3
28  5
29  3
30  5
31  3
32  4
33  2
34  5
35  4
36  4
37  5
38  4
39  6
40  3
41  4
42  10
43  4
44  2
45  4
46  7
47  3
48  3
49  6
50  4

profit
0.000000  
36.000000
9.000000
14.000000
21.000000
10.500000
17.500000
10.000000
9.500000
9.000000
15.000000
4.800000
9.200000
11.500000
5.000000
9.600000
2.300000
12.000000
14.500000
16.799999
18.000000
18.000000
36.000000
12.000000
36.000000
47.600002
0.000000
20.400002
34.000000  
20.400002
33.000000
13.500000
18.000000
7.000000
17.500000
14.000000
14.000000
21.250000
17.000000
25.500000
18.000000
24.000000
60.000000
24.000000
12.000000
26.400000
46.200001
19.799999
19.799999
39.599998
24.000000