1    8.00 3.50
2    8.00 3.50
3    5.00 1.50
4    5.00 1.50
5    5.00 1.50
6    5.00 1.50
7    2.50 0.50
8    2.50 0.60
9    2.50 0.70
10   3.50 1.00
11   3.50 1.10
12   3.50 1.20
13   3.50 1.20
14   3.00 0.50
15   3.00 0.60
16   3.00 0.70
17   4.00 1.00
18   4.00 1.10
19   4.00 1.20
20   8.50 2.50
21   8.50 2.50
22   8.50 2.50
23   8.50 2.50
24   8.50 2.50
25   9.50 2.70
26   9.50 2.70
27   9.50 2.70
28   9.50 2.70
29   9.50 2.70
30   9.50 2.90
31   8.00 3.50
32   8.00 3.50
33   5.00 1.50
34   5.00 1.50
35   5.00 1.50
36   5.00 1.50
37   6.00 1.75
38   6.00 1.75
39   6.00 1.75
40   7.50 1.50
41   7.50 1.50
42   7.50 1.50
43   7.50 1.50
44   7.50 1.50
45   9.50 2.90
46   9.50 2.90
47   9.50 2.90
48   9.50 2.90
49   9.50 2.90
50   7.50 1.50