 0      0
 1      8
 2      2
 3      4
 4      6
 5      3
 6      5
 7      5
 8      5
 9      5
10      6
11      2
12      4
13      5
14      2
15      4
16      1
17      4
18      5
19      6
20      3
21      3
22      6
23      2
24      6
25      7
 0      0
27      3
28      5
29      3
30      5
31      3
32      4
33      2
34      5
35      4
36      4
37      5
38      4
39      6
40      3
41      4
42     10
43      4
44      2
45      4
46      7
47      3
48      3
49      6
50      4
