30     9.50
21     8.50
 1     8.00
 7     2.50
 2     8.00
44     7.50
49     9.50
30     9.50
24     8.50
35     5.00
 5     5.00
 7     2.50
41     7.50
17     4.00
27     9.50
32     8.00
 9     2.50
45     9.50
40     7.50
27     9.50
24     8.50
38     6.00
39     6.00
19     4.00
33     5.00
30     9.50
42     7.50
34     5.00
16     3.00
40     7.50
 9     2.50
 5     5.00
31     8.00
28     9.50
 7     2.50
24     8.50
37     6.00
22     8.50
46     9.50
25     9.50
23     8.50
21     8.50
30     9.50
28     9.50
24     8.50
48     9.50
13     3.50
37     6.00
41     7.50
12     3.50
37     6.00
 6     5.00
18     4.00
 6     5.00
25     9.50
32     8.00
 3     5.00
 1     8.00
 1     8.00
42     7.50
25     9.50
17     4.00
31     8.00
 8     2.50
42     7.50
 8     2.50
38     6.00
 8     2.50
38     6.00
 4     5.00
34     5.00
46     9.50
10     3.50
10     3.50
 9     2.50
22     8.50
39     6.00
23     8.50
47     9.50
 7     2.50
31     8.00
14     3.00
19     4.00
 1     8.00
42     7.50
13     3.50
 6     5.00
11     3.50
10     3.50
25     9.50
