    1     5
    2     1
    3     2
    4     4
    5     3
    6     5
    7     4
    8     4
    9     4
   10     4
   11     1
   12     4
   13     5
   14     1
   15     3
   16     1
   17     4
   18     3
   19     4
   20     2
   21     2
   22     4
   23     2
   24     6
   25     5
   26     0
   27     3
   28     4
   29     2
   30     5
   31     3
   32     3
   33     2
   34     3
   35     2
   36     2
   37     4
   38     4
   39     4
   40     2
   41     4
   42     8
   43     4
   44     1
   45     3
   46     5
   47     2
   48     3
   49     2
   50     1
